20241219
20241219
20250925
20250926
20250926
20250930
20251002
20251010
20251010
20251014
20251015
20251015
20251016
20251016
20251016
20251020
20251021
20251231
20251231
20260105
20260105
20260105
20260105
20260105
20260105
20260105
20260105
20260106
20260107
20260108
20260110
20260111
20260112
20260112
20260113
20260114
20260115
20260116
20260117
20260118
20260119
20260120
20260121
20260121
20260121
20260204
20260212
20260216
20260223
20260312
20260317
20260318
20260327
20260327
20260328
20260330
20260422
20260427
20260604
20260615
20260709
